0.0,-0.0,0.0,0.0
0.00999583385414,-0.0249895846353,0.0999583385414,0.0999583385414
0.0199666833294,-0.0499167083234,0.199666833294,0.199666833294
0.0298876264947,-0.0747190662368,0.298876264947,0.298876264947
0.039733866159,-0.0993346653975,0.39733866159,0.39733866159
0.0494807918509,-0.123701979627,0.494807918509,0.494807918509
0.0591040413323,-0.147760103331,0.591040413323,0.591040413323
0.0685795614911,-0.171448903728,0.685795614911,0.685795614911
0.0778836684617,-0.194709171154,0.778836684617,0.778836684617
0.0869931068222,-0.217482767056,0.869931068222,0.869931068222
0.0958851077208,-0.239712769302,0.958851077208,0.958851077208
0.104537445786,-0.261343614465,1.04537445786,1.04537445786
0.112928494679,-0.282321236698,1.12928494679,1.12928494679
0.121037281147,-0.302593202868,1.21037281147,1.21037281147
0.128843537448,-0.322108843619,1.28843537448,1.28843537448
0.136327752005,-0.340819380012,1.36327752005,1.36327752005
0.14347121818,-0.35867804545,1.4347121818,1.4347121818
0.150256081028,-0.37564020257,1.50256081028,1.50256081028
0.156665381925,-0.391663454814,1.56665381925,1.56665381925
0.162683100958,-0.406707752395,1.62683100958,1.62683100958
0.168294196962,-0.420735492404,1.68294196962,1.68294196962
0.173484645119,-0.433711612797,1.73484645119,1.73484645119
0.178241472012,-0.445603680031,1.78241472012,1.78241472012
0.182552788052,-0.45638197013,1.82552788052,1.82552788052
0.186407817193,-0.466019542984,1.86407817193,1.86407817193
0.189796923871,-0.474492309678,1.89796923871,1.89796923871
0.192711637083,-0.481779092709,1.92711637083,1.92711637083
0.195144671565,-0.487861678913,1.95144671565,1.95144671565
0.197089945998,-0.492724864994,1.97089945998,1.97089945998
0.198542598208,-0.496356495519,1.98542598208,1.98542598208
0.199498997321,-0.498747493302,1.99498997321,1.99498997321
0.199956752838,-0.499891882095,1.99956752838,1.99956752838
0.199914720608,-0.499786801521,1.99914720608,1.99914720608
0.199373005691,-0.498432514227,1.99373005691,1.99373005691
0.19833296209,-0.495832405226,1.9833296209,1.9833296209
0.196797189375,-0.491992973437,1.96797189375,1.96797189375
0.194769526176,-0.486923815439,1.94769526176,1.94769526176
0.192255040595,-0.480637601488,1.92255040595,1.92255040595
0.189260017537,-0.473150043844,1.89260017537,1.89260017537
0.185791943001,-0.464479857502,1.85791943001,1.85791943001
0.181859485365,-0.454648713413,1.81859485365,1.81859485365
0.177472473727,-0.443681184317,1.77472473727,1.77472473727
0.17264187333,-0.431604683324,1.7264187333,1.7264187333
0.16737975816,-0.418449395399,1.6737975816,1.6737975816
0.161699280764,-0.40424820191,1.61699280764,1.61699280764
0.155614639378,-0.389036598444,1.55614639378,1.55614639378
0.149141042435,-0.372852606088,1.49141042435,1.49141042435
0.142294670558,-0.355736676395,1.42294670558,1.42294670558
0.13509263611,-0.337731590276,1.3509263611,1.3509263611
0.127552940427,-0.318882351067,1.27552940427,1.27552940427
0.119694428821,-0.299236072052,1.19694428821,1.19694428821
0.111536743478,-0.278841858696,1.11536743478,1.11536743478
0.103100274364,-0.257750685911,1.03100274364,1.03100274364
0.094406108258,-0.236015270645,0.94406108258,0.94406108258
0.0854759760468,-0.213689940117,0.854759760468,0.854759760468
0.0763321984105,-0.190830496026,0.763321984105,0.763321984105
0.0669976300312,-0.167494075078,0.669976300312,0.669976300312
0.0574956024685,-0.143739006171,0.574956024685,0.574956024685
0.0478498658428,-0.119624664607,0.478498658428,0.478498658428
0.0380845294722,-0.0952113236805,0.380845294722,0.380845294722
0.028224001612,-0.0705600040299,0.28224001612,0.28224001612
0.0182929284465,-0.0457323211162,0.182929284465,0.182929284465
0.00831613248666,-0.0207903312166,0.0831613248666,0.0831613248666
-0.00168144947343,0.00420362368357,-0.0168144947343,-0.0168144947343
-0.0116748286855,0.0291870717138,-0.116748286855,-0.116748286855
-0.021639026906,0.0540975672651,-0.21639026906,-0.21639026906
-0.0315491388286,0.0788728470716,-0.315491388286,-0.315491388286
-0.0413803943347,0.103450985837,-0.413803943347,-0.413803943347
-0.0511082204054,0.127770551013,-0.511082204054,-0.511082204054
-0.0607083025417,0.151770756354,-0.607083025417,-0.607083025417
-0.0701566455379,0.175391613845,-0.701566455379,-0.701566455379
-0.0794296334572,0.198574083643,-0.794296334572,-0.794296334572
-0.088504088659,0.221260221647,-0.88504088659,-0.88504088659
-0.0973573297311,0.243393324328,-0.973573297311,-0.973573297311
-0.105967228182,0.264918070454,-1.05967228182,-1.05967228182
-0.114312263748,0.285780659371,-1.14312263748,-1.14312263748
-0.122371578189,0.305928945471,-1.22371578189,-1.22371578189
-0.130125027413,0.325312568533,-1.30125027413,-1.30125027413
-0.137553231837,0.343883079592,-1.37553231837,-1.37553231837
-0.144637624817,0.361594062043,-1.44637624817,-1.44637624817
-0.151360499062,0.378401247654,-1.51360499062,-1.51360499062
-0.157705050885,0.394262627213,-1.57705050885,-1.57705050885
-0.163655422213,0.409138555532,-1.63655422213,-1.63655422213
-0.169196740215,0.422991850538,-1.69196740215,-1.69196740215
-0.174315154483,0.435787886207,-1.74315154483,-1.74315154483
-0.178997871646,0.447494679114,-1.78997871646,-1.78997871646
-0.18323318735,0.458082968375,-1.8323318735,-1.8323318735
-0.187010515512,0.467526288779,-1.87010515512,-1.87010515512
-0.190320414778,0.475801036945,-1.90320414778,-1.90320414778
-0.193154612124,0.48288653031,-1.93154612124,-1.93154612124
-0.195506023533,0.488765058833,-1.95506023533,-1.95506023533
-0.197368771701,0.493421929252,-1.97368771701,-1.97368771701
-0.198738200727,0.496845501817,-1.98738200727,-1.98738200727
-0.199610887752,0.499027219379,-1.99610887752,-1.99610887752
-0.199984651513,0.499961628782,-1.99984651513,-1.99984651513
-0.199858557795,0.499646394488,-1.99858557795,-1.99858557795
-0.199232921767,0.498082304418,-1.99232921767,-1.99232921767
-0.198109307193,0.495273267983,-1.98109307193,-1.98109307193
-0.196490522525,0.491226306312,-1.96490522525,-1.96490522525
-0.19438061388,0.485951534701,-1.9438061388,-1.9438061388
-0.191784854933,0.479462137332,-1.91784854933,-1.91784854933
-0.188709733727,0.471774334318,-1.88709733727,-1.88709733727
-0.185162936466,0.462907341164,-1.85162936466,-1.85162936466
-0.181153328294,0.452883320734,-1.81153328294,-1.81153328294
-0.176690931144,0.44172732786,-1.76690931144,-1.76690931144
-0.171786898685,0.429467246713,-1.71786898685,-1.71786898685
-0.166453488445,0.416133721112,-1.66453488445,-1.66453488445
-0.16070403117,0.401760077926,-1.6070403117,-1.6070403117
-0.154552897511,0.386382243778,-1.54552897511,-1.54552897511
-0.148015462098,0.370038655244,-1.48015462098,-1.48015462098
-0.141108065114,0.352770162785,-1.41108065114,-1.41108065114
-0.133847971455,0.334619928638,-1.33847971455,-1.33847971455
-0.126253327574,0.315633318936,-1.26253327574,-1.26253327574
-0.118343116126,0.295857790316,-1.18343116126,-1.18343116126
-0.11013710852,0.275342771299,-1.1013710852,-1.1013710852
-0.1016558155,0.25413953875,-1.016558155,-1.016558155
-0.0929204358828,0.232301089707,-0.929204358828,-0.929204358828
-0.083952803568,0.20988200892,-0.83952803568,-0.83952803568
-0.074775332966,0.186938332415,-0.74775332966,-0.74775332966
-0.065410962974,0.163527407435,-0.65410962974,-0.65410962974
-0.0558830996398,0.139707749099,-0.558830996398,-0.558830996398
-0.0462155576599,0.11553889415,-0.462155576599,-0.462155576599
-0.0364325008544,0.0910812521361,-0.364325008544,-0.364325008544
-0.0265583817705,0.0663959544263,-0.265583817705,-0.265583817705
-0.0166178805635,0.0415447014088,-0.166178805635,-0.166178805635
-0.00663584330951,0.0165896082738,-0.0663584330951,-0.0663584330951
0.00336278009687,-0.00840695024217,0.0336278009687,0.0336278009687
0.0133529983043,-0.0333824957608,0.133529983043,0.133529983043
0.0233098409701,-0.0582746024252,0.233098409701,0.233098409701
0.033208421173,-0.0830210529325,0.33208421173,0.33208421173
0.0430239976176,-0.107559994044,0.430239976176,0.430239976176
0.0527320364746,-0.131830091186,0.527320364746,0.527320364746
0.0623082727027,-0.155770681757,0.623082727027,0.623082727027
0.0717287706986,-0.179321926746,0.717287706986,0.717287706986
0.0809699841233,-0.202424960308,0.809699841233,0.809699841233
0.0900088147561,-0.22502203689,0.900088147561,0.900088147561
0.0988226702277,-0.247056675569,0.988226702277,0.988226702277
0.10738952049,-0.268473801224,1.0738952049,1.0738952049
0.115687952878,-0.289219882194,1.15687952878,1.15687952878
0.123697225633,-0.309243064082,1.23697225633,1.23697225633
0.131397319744,-0.328493299359,1.31397319744,1.31397319744
0.138768988986,-0.346922472465,1.38768988986,1.38768988986
0.145793808025,-0.364484520063,1.45793808025,1.45793808025
0.152454218472,-0.381135546181,1.52454218472,1.52454218472
0.15873357277,-0.396833931925,1.5873357277,1.5873357277
0.164616175802,-0.411540439506,1.64616175802,1.64616175802
0.170087324126,-0.425218310314,1.70087324126,1.70087324126
0.175133342719,-0.437833356796,1.75133342719,1.75133342719
0.179741619162,-0.449354047906,1.79741619162,1.79741619162
0.183900635166,-0.459751587914,1.83900635166,1.83900635166
0.187599995355,-0.468999988387,1.87599995355,1.87599995355
0.190830453256,-0.47707613314,1.90830453256,1.90830453256
0.193583934406,-0.483959836016,1.93583934406,1.93583934406
0.195853556537,-0.489633891343,1.95853556537,1.95853556537
0.197633646775,-0.494084116938,1.97633646775,1.97633646775
0.198919755822,-0.497299389556,1.98919755822,1.98919755822
0.199708669075,-0.499271672687,1.99708669075,1.99708669075
0.199998414661,-0.499996036653,1.99998414661,1.99998414661
0.199788268368,-0.49947067092,1.99788268368,1.99788268368
0.199078755452,-0.497696888629,1.99078755452,1.99078755452
0.197871649325,-0.494679123312,1.97871649325,1.97871649325
0.196169967124,-0.49042491781,1.96169967124,1.96169967124
0.193977962169,-0.484944905423,1.93977962169,1.93977962169
0.19130111333,-0.478252783326,1.9130111333,1.9130111333
0.188146111336,-0.47036527834,1.88146111336,1.88146111336
0.184520842048,-0.46130210512,1.84520842048,1.84520842048
0.180434366751,-0.451085916878,1.80434366751,1.80434366751
0.175896899506,-0.439742248765,1.75896899506,1.75896899506
0.170919781618,-0.427299454044,1.70919781618,1.70919781618
0.165515453288,-0.413788633221,1.65515453288,1.65515453288
0.159697422525,-0.399243556312,1.59697422525,1.59697422525
0.153480231373,-0.383700578434,1.53480231373,1.53480231373
0.146879419575,-0.367198548937,1.46879419575,1.46879419575
0.139911485721,-0.349778714301,1.39911485721,1.39911485721
0.132593846016,-0.331484615041,1.32593846016,1.32593846016
0.124944790751,-0.312361976877,1.24944790751,1.24944790751
0.116983438578,-0.292458596446,1.16983438578,1.16983438578
0.108729688733,-0.271824221833,1.08729688733,1.08729688733
0.100204171292,-0.250510428229,1.00204171292,1.00204171292
0.091428195607,-0.228570489018,0.91428195607,0.91428195607
0.0824236970484,-0.206059242621,0.824236970484,0.824236970484
0.0732131821725,-0.183032955431,0.732131821725,0.732131821725
0.0638196724699,-0.159549181175,0.638196724699,0.638196724699
0.0542666468227,-0.135666617057,0.542666468227,0.542666468227
0.0445779828201,-0.11144495705,0.445779828201,0.445779828201
0.0347778970761,-0.0869447426902,0.347778970761,0.347778970761
0.0248908847014,-0.0622272117535,0.248908847014,0.248908847014
0.0149416580779,-0.0373541451948,0.149416580779,0.149416580779
0.00495508509067,-0.0123877127267,0.0495508509067,0.0495508509067
-0.00504387302873,0.0126096825718,-0.0504387302873,-0.0504387302873
-0.0150302240924,0.0375755602309,-0.150302240924,-0.150302240924
-0.0249790074234,0.0624475185584,-0.249790074234,-0.249790074234
-0.0348653562446,0.0871633906115,-0.348653562446,-0.348653562446
-0.0446645598328,0.111661399582,-0.446645598328,-0.446645598328
-0.0543521252822,0.135880313205,-0.543521252822,-0.543521252822
-0.0639038387245,0.159759596811,-0.639038387245,-0.639038387245
-0.0732958258504,0.183239564626,-0.732958258504,-0.732958258504
-0.0825046115834,0.206261528959,-0.825046115834,-0.825046115834
-0.0915071787551,0.228767946888,-0.915071787551,-0.915071787551
-0.100281025636,0.25070256409,-1.00281025636,-1.00281025636
