0.231941816249,-0.185553452999,0.347912724373,0.463883632498
0.231941816249,-0.185553452999,0.347912724373,0.463883632498
0.280268169769,-0.224214535815,0.420402254654,0.560536339539
0.327893998826,-0.262315199061,0.491840998239,0.655787997652
0.37470026365,-0.29976021092,0.562050395475,0.7494005273
0.420569972954,-0.336455978364,0.630854959432,0.841139945909
0.465388476355,-0.372310781084,0.698082714533,0.93077695271
0.509043750935,-0.407235000748,0.763565626402,1.01808750187
0.551426681242,-0.441141344994,0.827140021863,1.10285336248
0.592431332023,-0.473945065619,0.888646998035,1.18486266405
0.631955213007,-0.505564170406,0.947932819511,1.26391042601
0.669899535074,-0.535919628059,1.00484930261,1.33979907015
0.706169457181,-0.564935565744,1.05925418577,1.41233891436
0.74067432341,-0.592539458728,1.11101148511,1.48134864682
0.773327889566,-0.618662311653,1.15999183435,1.54665577913
0.80404853874,-0.643238830992,1.20607280811,1.60809707748
0.832759485308,-0.666207588246,1.24913922796,1.66551897062
0.859388966855,-0.687511173484,1.28908345028,1.71877793371
0.883870423546,-0.707096338837,1.32580563532,1.76774084709
0.906142664489,-0.724914131591,1.35921399673,1.81228532898
0.926150020681,-0.740920016545,1.38922503102,1.85230004136
0.94384248415,-0.75507398732,1.41576372623,1.8876849683
0.959175832953,-0.767340666363,1.43876374943,1.91835166591
0.972111741703,-0.777689393362,1.45816761255,1.94422348341
0.982617877364,-0.786094301891,1.47392681605,1.96523575473
0.99066798007,-0.792534384056,1.4860019701,1.98133596014
0.996241928755,-0.796993543004,1.49436289313,1.99248385751
0.999325791451,-0.799460633161,1.49898868718,1.9986515829
0.999911860107,-0.799929488086,1.49986779016,1.99982372021
0.997998669857,-0.798398935886,1.49699800479,1.99599733971
0.99359100268,-0.794872802144,1.49038650402,1.98718200536
0.986699875449,-0.789359900359,1.48004981317,1.9733997509
0.977342512392,-0.781874009914,1.46601376859,1.95468502478
0.965542302045,-0.772433841636,1.44831345307,1.93108460409
0.951328738787,-0.761062991029,1.42699310818,1.90265747757
0.934737349124,-0.747789879299,1.40210602369,1.86947469825
0.915809602891,-0.732647682313,1.37371440434,1.83161920578
0.894592809594,-0.732647682313,1.37371440434,1.83161920578
0.871140000169,-0.696912000135,1.30671000025,1.74228000034
0.845509794424,-0.676407835539,1.26826469164,1.69101958885
0.817766254526,-0.654213003621,1.22664938179,1.63553250905
0.787978724877,-0.630382979901,1.18196808731,1.57595744975
0.756221658786,-0.604977327029,1.13433248818,1.51244331757
0.722574432381,-0.578059545905,1.08386164857,1.44514886476
0.687121146205,-0.549696916964,1.03068171931,1.37424229241
0.649950415008,-0.519960332007,0.974925622513,1.29990083002
0.611155146262,-0.48892411701,0.916732719394,1.22231029252
0.570832307934,-0.456665846347,0.856248461901,1.14166461587
0.52908268612,-0.423266148896,0.79362402918,1.05816537224
0.486010633131,-0.388808506505,0.729015949697,0.972021266262
0.441723806669,-0.353379045335,0.662585710004,0.883447613338
0.396332900736,-0.317066320588,0.594499351103,0.792665801471
0.349951368956,-0.279961095165,0.524927053435,0.699902737913
0.302695141006,-0.242156112805,0.454042711509,0.605390282012
0.254682332844,-0.203745866275,0.382023499266,0.509364665688
0.254682332844,-0.203745866275,0.382023499266,0.509364665688
0.156868595048,-0.125494876039,0.235302892572,0.313737190096
0.156868595048,-0.125494876039,0.235302892572,0.313737190096
0.0574874781047,-0.0459899824838,0.0862312171571,0.114974956209
0.00751911863416,-0.00601529490733,0.0112786779512,0.0150382372683
-0.0424680347171,0.0339744277737,-0.0637020520757,-0.0849360694342
-0.0923490400985,0.0738792320788,-0.138523560148,-0.184698080197
-0.141999220974,0.113599376779,-0.212998831461,-0.283998441948
-0.191294477749,0.153035582199,-0.286941716624,-0.382588955498
-0.240111597954,0.192089278363,-0.360167396931,-0.480223195908
-0.288328564212,0.230662851369,-0.432492846317,-0.576657128423
-0.335824859217,0.268659887374,-0.503737288826,-0.671649718435
-0.382481766969,0.305985413575,-0.573722650454,-0.764963533938
-0.428182669496,0.342546135597,-0.642274004244,-0.856365338993
-0.472813338343,0.378250670674,-0.709220007514,-0.945626676686
-0.51626222008,0.413009776064,-0.77439333012,-1.03252444016
-0.558420715131,0.446736572105,-0.837631072697,-1.11684143026
-0.599183449214,0.479346759371,-0.898775173822,-1.19836689843
-0.638448536723,0.510758829379,-0.957672805085,-1.27689707345
-0.676117835388,0.54089426831,-1.01417675308,-1.35223567078
-0.712097191579,0.569677753264,-1.06814578737,-1.42419438316
-0.746296675645,0.597037340516,-1.11944501347,-1.49259335129
-0.778630806685,0.622904645348,-1.16794621003,-1.55726161337
-0.778630806685,0.622904645348,-1.16794621003,-1.55726161337
-0.837384600152,0.669907680122,-1.25607690023,-1.6747692003
-0.863657408693,0.690925926954,-1.29548611304,-1.72731481739
-0.887771523496,0.710217218797,-1.33165728524,-1.77554304699
-0.909666671834,0.727733337467,-1.36450000775,-1.81933334367
-0.929288127236,0.743430501789,-1.39393219085,-1.85857625447
-0.946586846285,0.757269477028,-1.41988026943,-1.89317369257
-0.961519591191,0.769215672953,-1.44227938679,-1.92303918238
-0.974049037868,0.779239230295,-1.4610735568,-1.94809807574
-0.984143869226,0.787315095381,-1.47621580384,-1.96828773845
-0.991778853443,0.793423082755,-1.48766828016,-1.98355770689
-0.996934907035,0.797547925628,-1.49540236055,-1.99386981407
-0.999599142553,0.799679314042,-1.49939871383,-1.99919828511
-0.999764900795,0.799811920636,-1.49964735119,-1.99952980159
-0.997431767454,0.797945413963,-1.49614765118,-1.99486353491
-0.992605574146,0.794084459316,-1.48890836122,-1.98521114829
-0.985298383841,0.788238707073,-1.47794757576,-1.97059676768
-0.975528460711,0.780422768569,-1.46329269107,-1.95105692142
-0.963320224474,0.770656179579,-1.44498033671,-1.92664044895
-0.948704189363,0.75896335149,-1.42305628404,-1.89740837873
-0.931716887855,0.745373510284,-1.39757533178,-1.86343377571
-0.912400779355,0.729920623484,-1.36860116903,-1.82480155871
-0.890804144077,0.712643315261,-1.33620621612,-1.78160828815
-0.86698096236,0.693584769888,-1.30047144354,-1.73396192472
-0.840990779752,0.672792623802,-1.26148616963,-1.6819815595
-0.812898558174,0.650318846539,-1.21934783726,-1.62579711635
-0.782774513551,0.62621961084,-1.17416177033,-1.5655490271
-0.750693940304,0.600555152243,-1.12604091046,-1.50138788061
-0.716737023161,0.573389618529,-1.07510553474,-1.43347404632
-0.680988636729,0.544790909383,-1.02148295509,-1.36197727346
-0.643538133357,0.514830506686,-0.965307200035,-1.28707626671
-0.6044791198,0.48358329584,-0.9067186797,-1.2089582396
-0.56390922325,0.4511273786,-0.845863834875,-1.1278184465
-0.521929847321,0.417543877856,-0.782894770981,-1.04385969464
-0.478645918588,0.382916734871,-0.717968877883,-0.957291837177
-0.434165624334,0.347332499467,-0.651248436501,-0.868331248667
-0.388600142127,0.310880113702,-0.582900213191,-0.777200284255
-0.342063361945,0.273650689556,-0.513095042917,-0.684126723889
-0.2946716015,0.2357372812,-0.44200740225,-0.589343203
-0.246543315514,0.197234652411,-0.369814973271,-0.493086631028
-0.197798799636,0.158239039709,-0.296698199455,-0.395597599273
-0.148559889771,0.118847911817,-0.222839834657,-0.297119779543
-0.148559889771,0.118847911817,-0.222839834657,-0.297119779543
-0.0490921027173,0.0392736821739,-0.073638154076,-0.0981842054347
0.00088815680571,-0.000710525444568,0.00133223520857,0.00177631361142
0.0508661963993,-0.0406929571194,0.0762992945989,0.101732392799
0.100717096992,-0.080573677594,0.151075645489,0.201434193985
0.150316257296,-0.120253005837,0.225474385943,0.300632514591
0.199539705239,-0.159631764191,0.299309557858,0.399079410478
0.248264407837,-0.19861152627,0.372396611756,0.496528815674
0.296368578709,-0.237094862967,0.444552868064,0.592737157419
0.343731982481,-0.274985585985,0.515597973721,0.687463964961
0.390236235308,-0.312188988246,0.585354352962,0.780472470616
0.435765100778,-0.348612080622,0.653647651167,0.871530201556
0.480204780438,-0.384163824351,0.720307170657,0.960409560876
0.523444198233,-0.418755358587,0.78516629735,1.04688839647
0.565375278137,-0.45230022251,0.848062917205,1.13075055627
0.605893214287,-0.48471457143,0.908839821431,1.21178642857
0.644896732945,-0.515917386356,0.967345099417,1.28979346589
0.682288345626,-0.545830676501,1.02343251844,1.36457669125
0.717974592772,-0.574379674217,1.07696188916,1.43594918554
0.751866277349,-0.60149302188,1.12779941602,1.5037325547
0.783878687798,-0.627102950239,1.1758180317,1.5677573756
0.813931809764,-0.651145447811,1.22089771465,1.62786361953
0.841950526092,-0.673560420874,1.26292578914,1.68390105218
0.867864804585,-0.694291843668,1.30179720688,1.73572960917
0.891609873041,-0.713287898433,1.33741480956,1.78321974608
0.913126381157,-0.730501104925,1.36968957174,1.82625276231
0.932360548866,-0.745888439093,1.3985408233,1.86472109773
0.949264300767,-0.759411440614,1.42389645115,1.89852860153
0.963795386284,-0.771036309027,1.42389645115,1.89852860153
0.97591748527,-0.780733988216,1.4638762279,1.95183497054
0.985600298791,-0.788480239032,1.47840044819,1.97120059758
0.992819624855,-0.794255699884,1.48922943728,1.98563924971
0.997557418908,-0.798045935126,1.49633612836,1.99511483782
0.999801838931,-0.799841471145,1.4997027584,1.99960367786
0.999547275044,-0.799637820035,1.49932091257,1.99909455009
0.996794363523,-0.797435490819,1.49519154528,1.99358872705
0.991549985214,-0.793239988171,1.48732497782,1.98309997043
0.983827248331,-0.787061798665,1.4757408725,1.96765449666
0.973645455695,-0.778916364556,1.46046818354,1.94729091139
0.961030056484,-0.768824045187,1.44154508473,1.92206011297
0.946012582627,-0.756810066102,1.41901887394,1.89202516525
0.928630569987,-0.74290445599,1.39294585498,1.85726113997
0.908927464543,-0.727141971635,1.36339119682,1.81785492909
0.886952513799,-0.709562011039,1.3304287707,1.7739050276
0.862760643686,-0.690208514949,1.29414096553,1.72552128737
0.83641232128,-0.669129857024,1.25461848192,1.67282464256
0.807973403667,-0.646378722934,1.2119601055,1.61594680733
0.777514973329,-0.622011978663,1.16627245999,1.55502994666
0.745113160479,-0.596090528384,1.11766974072,1.49022632096
0.710848952776,-0.568679162221,1.06627342916,1.42169790555
0.674807992894,-0.539846394315,1.01221198934,1.34961598579
0.637080364463,-0.50966429157,0.955620546694,1.27416072893
0.597760366905,-0.478208293524,0.896640550358,1.19552073381
0.556946279738,-0.445557023791,0.835419419608,1.11389255948
0.514740116924,-0.411792093539,0.772110175386,1.02948023385
0.514740116924,-0.411792093539,0.772110175386,1.02948023385
0.426576753845,-0.341261403076,0.639865130767,0.853153507689
0.380839916073,-0.304671932858,0.571259874109,0.761679832146
0.334151176849,-0.267320941479,0.501226765273,0.668302353697
0.286627233705,-0.229301786964,0.429940850557,0.573254467409
0.238386871749,-0.190709497399,0.357580307624,0.476773743498
0.189550666764,-0.151640533411,0.284326000145,0.379101333527
0.140240683827,-0.112192547062,0.210361025741,0.280481367654
0.0905801722173,-0.0724641377738,0.135870258326,0.181160344435
0.04069325735,-0.03255460588,0.0610398860251,0.0813865147001
-0.00929536946795,0.00743629557436,-0.0139430542019,-0.0185907389359
-0.0592607627032,0.0474086101626,-0.0888911440548,-0.118521525406
-0.109078034894,0.0872624279153,-0.163617052341,-0.218156069788
-0.158622668805,0.126898135044,-0.237934003207,-0.317245337609
-0.207770828652,0.166216662922,-0.311656242978,-0.415541657304
-0.256399669633,0.205119735706,-0.384599504449,-0.512799339266
-0.30438764497,0.243510115976,-0.456581467455,-0.60877528994
-0.351614809717,0.281291847773,-0.527422214575,-0.703229619433
-0.397963120556,0.318370496445,-0.596944680835,-0.795926241113
-0.44331673085,0.35465338468,-0.664975096275,-0.8866334617
-0.487562280192,0.390049824153,-0.731343420287,-0.975124560383
-0.53058917775,0.4244713422,-0.795883766625,-1.0611783555
-0.57228987869,0.457831902952,-0.858434818034,-1.14457975738
-0.612560152975,0.49004812238,-0.918840229463,-1.22512030595
-0.651299345894,0.521039476715,-0.976949018841,-1.30259869179
-0.688410629638,0.55072850371,-1.03261594446,-1.37682125928
-0.723801245325,0.57904099626,-1.08570186799,-1.44760249065
-0.757382734847,0.605906187877,-1.13607410227,-1.51476546969
-0.789071161969,0.631256929575,-1.18360674295,-1.57814232394
-0.818787322127,0.655029857701,-1.22818098319,-1.63757464425
-0.846456940395,0.677165552316,-1.26968541059,-1.69291388079
-0.872010857139,0.697608685711,-1.30801628571,-1.74402171428
-0.895385200875,0.7163081607,-1.30801628571,-1.74402171428
-0.916521547916,0.733217238332,-1.37478232187,-1.83304309583
-0.935367068402,0.748293654721,-1.4030506026,-1.8707341368
-0.951874658347,0.761499726678,-1.42781198752,-1.90374931669
-0.966003057373,0.772802445898,-1.44900458606,-1.93200611475
-0.97771695184,0.782173561472,-1.46657542776,-1.95543390368
-0.986987063113,0.78958965049,-1.48048059467,-1.97397412623
-0.993790220741,0.795032176592,-1.49068533111,-1.98758044148
-0.998109420372,0.798487536298,-1.49716413056,-1.99621884074
-0.999933866259,0.799947093007,-1.49990079939,-1.99986773252
-0.999258998235,0.799407198588,-1.49888849735,-1.99851799647
-0.99608650312,0.796869202496,-1.49412975468,-1.99217300624
-0.990424310498,0.792339448399,-1.48563646575,-1.980848621
-0.990424310498,0.792339448399,-1.48563646575,-1.980848621
-0.971693630442,0.777354904353,-1.45754044566,-1.94338726088
-0.958671959952,0.766937567962,-1.43800793993,-1.9173439199
-0.943254108829,0.754603287063,-1.41488116324,-1.9173439199
-0.925478613671,0.740382890937,-1.38821792051,-1.85095722734
-0.905389903959,0.724311923168,-1.35808485594,-1.81077980792
-0.883038191006,0.706430552804,-1.32455728651,-1.76607638201
-0.858479342452,0.686783473961,-1.28771901368,-1.7169586849
-0.831774742629,0.665419794103,-1.24766211394,-1.66354948526
-0.802991139129,0.642392911303,-1.20448670869,-1.60598227826
-0.772200475972,0.617760380777,-1.15830071396,-1.54440095194
-0.739479713779,0.591583771023,-1.10921957067,-1.47895942756
-0.704910637414,0.591583771023,-1.10921957067,-1.47895942756
-0.668579651567,0.534863721254,-1.00286947735,-1.33715930313
-0.630577564781,0.504462051824,-0.945866347171,-1.26115512956
-0.59099936248,0.472799489984,-0.886499043721,-1.18199872496
-0.549943969561,0.439955175648,-0.824915954341,-1.09988793912
-0.507514003122,0.406011202498,-0.761271004683,-1.01502800624
-0.463815515984,0.371052412787,-0.695723273976,-0.927631031968
-0.418957731607,0.335166185285,-0.62843659741,-0.837915463213
-0.373052771089,0.298442216871,-0.559579156633,-0.746105542178
-0.326215372926,0.260972298341,-0.489323059389,-0.652430745851
-0.27856260622,0.222850084976,-0.41784390933,-0.55712521244
-0.230213578071,0.184170862457,-0.345320367107,-0.460427156142
-0.18128913587,0.145031308696,-0.271933703805,-0.36257827174
-0.131911565243,0.105529252194,-0.197867347864,-0.263823130486
-0.0822042844008,0.0657634275206,-0.123306426601,-0.164408568802
-0.0322915356589,0.0258332285271,-0.0484373034883,-0.164408568802
0.0177019251051,-0.014161540084,0.0265528876576,0.0354038502101
0.0676511402752,-0.0541209122202,0.101476710413,0.13530228055
0.117431262827,-0.0939450102614,0.17614689424,0.234862525653
0.166917868378,-0.133534294703,0.250376802567,0.333835736756
0.215987266188,-0.17278981295,0.323980899282,0.431974532376
0.264516808316,-0.211613446653,0.396775212474,0.529033616632
0.312385196181,-0.249908156945,0.468577794272,0.624770392362
0.359472783743,-0.287578226994,0.539209175614,0.718945567486
0.405661876555,-0.324529501244,0.608492814832,0.81132375311
0.45083702594,-0.360669620752,0.676255538911,0.901674051881
0.494885317552,-0.395908254042,0.742327976328,0.989770635105
0.537696653602,-0.430157322881,0.806544980402,1.0753933072
0.579164028044,-0.463331222435,0.868746042066,1.15832805609
0.619183794039,-0.495347035231,0.928775691058,1.23836758808
0.657655923014,-0.526124738411,0.98648388452,1.31531184603
0.694484254681,-0.555587403745,1.04172638202,1.38896850936
0.729576737393,-0.583661389914,1.09436510609,1.45915347479
0.762845658217,-0.610276526573,1.14426848733,1.52569131643
0.794207862178,-0.635366289742,1.19131179327,1.58841572436
0.823584960098,-0.658867968079,1.23537744015,1.6471699202
0.850903524534,-0.680722819627,1.2763552868,1.70180704907
0.8760952733,-0.70087621864,1.31414290995,1.7521905466
0.899097240144,-0.719277792116,1.34864586022,1.79819448029
0.919851932129,-0.735881545703,1.37977789819,1.83970386426
0.938307473333,-0.750645978667,1.40746121,1.87661494667
0.954417734515,-0.763534187612,1.43162660177,1.90883546903
0.968142448412,-0.77451395873,1.45221367262,1.93628489682
0.979447310387,-0.783557848309,1.46917096558,1.95889462077
0.988304064172,-0.790643251337,1.48245609626,1.97660812834
0.994690572495,-0.795752457996,1.49203585874,1.98938114499
0.998590872412,-0.798872697929,1.49788630862,1.99718174482
0.999995215204,-0.799996172163,1.49999282281,1.99999043041
0.998900090745,-0.799120072596,1.49835013612,1.99780018149
0.995308236277,-0.796246589021,1.49296235441,1.99780018149
0.989228629564,-0.791382903651,1.48384294435,1.97845725913
0.980676466458,-0.784541173166,1.47101469969,1.96135293292
0.969673122912,-0.77573849833,1.45450968437,1.93934624582
0.956246101555,-0.764996881244,1.43436915233,1.91249220311
0.940428962947,-0.752343170358,1.41064344442,1.88085792589
0.922261241698,-0.737808993358,1.38339186255,1.8445224834
0.922261241698,-0.737808993358,1.38339186255,1.8445224834
0.879061452373,-0.703249161899,1.31859217856,1.75812290475
0.854137361273,-0.683309889018,1.28120604191,1.70827472255
0.827078371595,-0.661662697276,1.24061755739,1.65415674319
0.797952116723,-0.638361693378,1.19692817508,1.59590423345
0.766831397124,-0.613465117699,1.15024709569,1.53366279425
0.733793998391,-0.587035198713,1.10069099759,1.46758799678
0.698922496814,-0.559137997451,1.04838374522,1.39784499363
0.662304052987,-0.529843242389,0.99345607948,1.32460810597
0.624030193948,-0.499224155159,0.936045290922,1.2480603879
0.584196584414,-0.467357267531,0.876294876621,1.16839316883
0.542902787662,-0.434322230129,0.814354181493,1.08580557532
